optimizer: D:\EDA\ICCAD2\FloorSet\iccad2026contest\sol\eazyver2\my_optimizer_mib_square.py
tests: 100
feasible: 100
plain_avg_cost: 2.494253
contest_total_score: 3.411365
delta(total - mean): 0.917112

Per-case:
test_id blocks feasible cost norm_weight weighted_contrib hpwl_gap area_gap v_rel
 99 120 1   3.524618   0.63212056     2.22798380  1.102338  0.383202  0.089552
 98 119 1   3.520642   0.23254416     0.81870480  1.216838  0.264202  0.115385
 97 118 1   2.517650   0.08554821     0.21538045  1.157162  0.192109  0.166667
 96 117 1   2.731765   0.03147143     0.08597255  1.101185  0.252847  0.092308
 95 116 1   3.586980   0.01157769     0.04152895  1.217712  0.288718  0.075758
 94 115 1   3.073722   0.00425919     0.01309158  1.108862  0.157579  0.076923
 93 114 1   3.591555   0.00156687     0.00562750  1.054258  0.122780  0.193548
 92 113 1   3.683576   0.00057642     0.00212328  1.514984  0.192097  0.107143
 91 112 1   1.799025   0.00021205     0.00038149  0.673038  0.157538  0.120690
 90 111 1   4.077005   0.00007801     0.00031805  1.183291  0.361198  0.151515
 89 110 1   5.527731   0.00002870     0.00015864  1.274455  0.550822  0.207547
 88 109 1   7.023254   0.00001056     0.00007415  1.257207  0.333231  0.238095
 87 108 1   3.155367   0.00000388     0.00001226  1.090228  0.204792  0.162791
 86 107 1   3.400235   0.00000143     0.00000486  1.000194  0.178992  0.163636
 85 106 1   2.959539   0.00000053     0.00000156  1.010854  0.166083  0.140625
 84 105 1   3.250491   0.00000019     0.00000063  1.384741  0.211421  0.145161
 83 104 1   3.065357   0.00000007     0.00000022  1.280421  0.261956  0.127273
 82 103 1   2.469780   0.00000003     0.00000006  1.096869  0.167533  0.101695
 81 102 1   1.881364   0.00000001     0.00000002  1.031574  0.135253  0.086207
 80 101 1   3.325681   0.00000000     0.00000001  0.856235  0.139449  0.142857
 79 100 1   4.454728   0.00000000     0.00000001  0.996342  0.489741  0.109091
 78  99 1   2.450772   0.00000000     0.00000000  1.027880  0.078955  0.147541
 77  98 1   2.325512   0.00000000     0.00000000  0.830406  0.087676  0.132075
 76  97 1   4.557096   0.00000000     0.00000000  1.133835  0.272324  0.186441
 75  96 1   3.764206   0.00000000     0.00000000  1.058714  0.101092  0.172414
 74  95 1   2.969296   0.00000000     0.00000000  1.051279  0.190268  0.136364
 73  94 1   3.041941   0.00000000     0.00000000  1.252171  0.126438  0.178571
 72  93 1   2.237643   0.00000000     0.00000000  1.043905  0.204070  0.157895
 70  91 1   7.223068   0.00000000     0.00000000  1.460158  0.611915  0.237288
 71  92 1   1.991639   0.00000000     0.00000000  1.120896  0.212619  0.058824
 69  90 1   3.510979   0.00000000     0.00000000  1.276056  0.580880  0.153846
 68  89 1   3.189033   0.00000000     0.00000000  1.206532  0.590459  0.173077
 67  88 1   2.799757   0.00000000     0.00000000  1.591081  0.161456  0.196078
 66  87 1   2.004662   0.00000000     0.00000000  1.233519  0.383863  0.080000
 65  86 1   2.877003   0.00000000     0.00000000  1.012291  0.140633  0.277778
 64  85 1   3.162758   0.00000000     0.00000000  0.953636  0.480147  0.232143
 63  84 1   3.649119   0.00000000     0.00000000  1.088098  0.528425  0.170213
 62  83 1   3.597078   0.00000000     0.00000000  0.869301  0.201535  0.169811
 61  82 1   3.815638   0.00000000     0.00000000  1.251572  0.424883  0.173913
 60  81 1   1.560311   0.00000000     0.00000000  0.687557  0.164734  0.159091
 59  80 1   3.626328   0.00000000     0.00000000  0.765750  0.208577  0.244898
 58  79 1   2.457948   0.00000000     0.00000000  1.327343  0.038770  0.142857
 57  78 1   2.447322   0.00000000     0.00000000  1.066304  0.722106  0.125000
 56  77 1   2.187189   0.00000000     0.00000000  0.857926  0.251633  0.122449
 55  76 1   2.672302   0.00000000     0.00000000  0.795175  0.170806  0.208333
 54  75 1   3.536558   0.00000000     0.00000000  1.372272  0.216858  0.244898
 53  74 1   1.922105   0.00000000     0.00000000  0.865485  0.243991  0.113636
 52  73 1   3.425032   0.00000000     0.00000000  0.863812  0.179855  0.239130
 51  72 1   3.348354   0.00000000     0.00000000  1.044783  0.480925  0.156863
 50  71 1   1.367289   0.00000000     0.00000000  1.051155  0.224678  0.063830
 49  70 1   3.635554   0.00000000     0.00000000  1.164489  0.297722  0.270833
 48  69 1   2.066524   0.00000000     0.00000000  0.802888  0.152215  0.120000
 47  68 1   1.227480   0.00000000     0.00000000  0.741149  0.194733  0.088889
 46  67 1   2.602895   0.00000000     0.00000000  1.161213  0.206101  0.136364
 45  66 1   2.280347   0.00000000     0.00000000  1.389054  0.587793  0.046512
 44  65 1   2.183249   0.00000000     0.00000000  1.184146  0.262786  0.108696
 43  64 1   2.148314   0.00000000     0.00000000  0.926834  0.223609  0.175000
 42  63 1   1.619172   0.00000000     0.00000000  0.900772  0.290095  0.055556
 41  62 1   1.578821   0.00000000     0.00000000  1.155341  0.224335  0.133333
 40  61 1   1.871267   0.00000000     0.00000000  0.898271  0.205914  0.214286
 39  60 1   1.209075   0.00000000     0.00000000  0.674707  0.095354  0.105263
 38  59 1   2.138206   0.00000000     0.00000000  1.443249  0.687143  0.090909
 37  58 1   1.593150   0.00000000     0.00000000  0.756818  0.182277  0.146341
 36  57 1   1.570296   0.00000000     0.00000000  0.641869  0.219608  0.153846
 35  56 1   1.705328   0.00000000     0.00000000  1.098103  0.362580  0.081081
 34  55 1   1.821581   0.00000000     0.00000000  1.148881  0.409767  0.146341
 33  54 1   1.490169   0.00000000     0.00000000  1.089066  0.183432  0.131579
 32  53 1   2.179461   0.00000000     0.00000000  0.877340  0.467309  0.200000
 31  52 1   1.659174   0.00000000     0.00000000  0.841619  0.174804  0.150000
 30  51 1   2.265759   0.00000000     0.00000000  1.174384  0.197395  0.256410
 29  50 1   1.363341   0.00000000     0.00000000  0.733883  0.156412  0.131579
 28  49 1   1.952314   0.00000000     0.00000000  1.985208  0.392011  0.121212
 27  48 1   1.932991   0.00000000     0.00000000  1.249064  0.202191  0.230769
 26  47 1   1.385553   0.00000000     0.00000000  0.621793  0.187869  0.171429
 25  46 1   2.140211   0.00000000     0.00000000  1.104969  0.438250  0.205882
 24  45 1   1.736361   0.00000000     0.00000000  1.050892  0.361671  0.178571
 23  44 1   1.504528   0.00000000     0.00000000  0.652884  0.301534  0.187500
 22  43 1   1.368280   0.00000000     0.00000000  0.657051  0.239163  0.142857
 21  42 1   2.003712   0.00000000     0.00000000  0.830330  0.381716  0.176471
 20  41 1   3.507690   0.00000000     0.00000000  2.798091  0.717205  0.187500
 19  40 1   1.385255   0.00000000     0.00000000  1.016948  0.264242  0.093750
 18  39 1   1.396337   0.00000000     0.00000000  1.239703  0.251831  0.066667
 17  38 1   1.354001   0.00000000     0.00000000  0.877132  0.158628  0.121212
 16  37 1   1.942252   0.00000000     0.00000000  1.007800  0.668495  0.205882
 15  36 1   1.488115   0.00000000     0.00000000  0.747960  0.174227  0.187500
 14  35 1   1.863081   0.00000000     0.00000000  0.869659  0.358958  0.250000
 13  34 1   1.320133   0.00000000     0.00000000  0.850642  0.187142  0.103448
 12  33 1   1.715220   0.00000000     0.00000000  1.294947  0.435903  0.136364
 11  32 1   1.717103   0.00000000     0.00000000  1.081383  0.351217  0.178571
 10  31 1   1.417629   0.00000000     0.00000000  0.515119  0.387097  0.166667
  9  30 1   1.691708   0.00000000     0.00000000  0.394749  0.334789  0.285714
  8  29 1   1.356693   0.00000000     0.00000000  0.599047  0.113070  0.178571
  7  28 1   1.397442   0.00000000     0.00000000  0.411935  0.200344  0.212121
  6  27 1   1.462237   0.00000000     0.00000000  0.473000  0.248595  0.214286
  5  26 1   1.338030   0.00000000     0.00000000  0.674818  0.270306  0.130435
  4  25 1   1.514591   0.00000000     0.00000000  0.818434  0.282286  0.166667
  3  24 1   1.643448   0.00000000     0.00000000  0.750603  0.445727  0.192308
  2  23 1   2.273652   0.00000000     0.00000000  1.881836  0.603616  0.185185
  1  22 1   1.441361   0.00000000     0.00000000  0.633199  0.428940  0.148148
  0  21 1   1.628215   0.00000000     0.00000000  1.124652  0.459196  0.130435

Top 10 weighted contributors:
 1. test_id= 99, blocks=120, cost=3.524618, weight=0.63212056, contrib=2.22798380
 2. test_id= 98, blocks=119, cost=3.520642, weight=0.23254416, contrib=0.81870480
 3. test_id= 97, blocks=118, cost=2.517650, weight=0.08554821, contrib=0.21538045
 4. test_id= 96, blocks=117, cost=2.731765, weight=0.03147143, contrib=0.08597255
 5. test_id= 95, blocks=116, cost=3.586980, weight=0.01157769, contrib=0.04152895
 6. test_id= 94, blocks=115, cost=3.073722, weight=0.00425919, contrib=0.01309158
 7. test_id= 93, blocks=114, cost=3.591555, weight=0.00156687, contrib=0.00562750
 8. test_id= 92, blocks=113, cost=3.683576, weight=0.00057642, contrib=0.00212328
 9. test_id= 91, blocks=112, cost=1.799025, weight=0.00021205, contrib=0.00038149
10. test_id= 90, blocks=111, cost=4.077005, weight=0.00007801, contrib=0.00031805
